(kicad_pcb (version 20171130) (host pcbnew "(5.1.4)-1")

  (general
    (thickness 1.6)
    (drawings 5)
    (tracks 133)
    (zones 0)
    (modules 50)
    (nets 30)
  )

  (page A4)
  (layers
    (0 F.Cu signal)
    (31 B.Cu signal)
    (32 B.Adhes user)
    (33 F.Adhes user)
    (34 B.Paste user)
    (35 F.Paste user)
    (36 B.SilkS user)
    (37 F.SilkS user)
    (38 B.Mask user)
    (39 F.Mask user)
    (40 Dwgs.User user)
    (41 Cmts.User user)
    (42 Eco1.User user)
    (43 Eco2.User user)
    (44 Edge.Cuts user)
    (45 Margin user)
    (46 B.CrtYd user)
    (47 F.CrtYd user)
    (48 B.Fab user)
    (49 F.Fab user hide)
  )

  (setup
    (last_trace_width 0.25)
    (user_trace_width 1)
    (user_trace_width 2)
    (user_trace_width 5)
    (user_trace_width 10)
    (trace_clearance 0.2)
    (zone_clearance 0.508)
    (zone_45_only no)
    (trace_min 0.2)
    (via_size 0.8)
    (via_drill 0.4)
    (via_min_size 0.4)
    (via_min_drill 0.3)
    (user_via 1.5 1)
    (uvia_size 0.3)
    (uvia_drill 0.1)
    (uvias_allowed no)
    (uvia_min_size 0.2)
    (uvia_min_drill 0.1)
    (edge_width 0.05)
    (segment_width 0.2)
    (pcb_text_width 0.3)
    (pcb_text_size 1.5 1.5)
    (mod_edge_width 0.12)
    (mod_text_size 1 1)
    (mod_text_width 0.15)
    (pad_size 1.524 1.524)
    (pad_drill 0.762)
    (pad_to_mask_clearance 0.051)
    (solder_mask_min_width 0.25)
    (aux_axis_origin 0 0)
    (visible_elements 7FFFFFFF)
    (pcbplotparams
      (layerselection 0x010fc_ffffffff)
      (usegerberextensions false)
      (usegerberattributes false)
      (usegerberadvancedattributes false)
      (creategerberjobfile false)
      (excludeedgelayer true)
      (linewidth 0.100000)
      (plotframeref false)
      (viasonmask false)
      (mode 1)
      (useauxorigin false)
      (hpglpennumber 1)
      (hpglpenspeed 20)
      (hpglpendiameter 15.000000)
      (psnegative false)
      (psa4output false)
      (plotreference true)
      (plotvalue true)
      (plotinvisibletext false)
      (padsonsilk false)
      (subtractmaskfromsilk false)
      (outputformat 1)
      (mirror false)
      (drillshape 1)
      (scaleselection 1)
      (outputdirectory ""))
  )

  (net 0 "")
  (net 1 VCC)
  (net 2 GND)
  (net 3 +5V)
  (net 4 "Net-(C4-Pad1)")
  (net 5 "Net-(C5-Pad1)")
  (net 6 "Net-(C10-Pad1)")
  (net 7 "Net-(C12-Pad1)")
  (net 8 "Net-(C14-Pad2)")
  (net 9 "Net-(C14-Pad1)")
  (net 10 "Net-(C15-Pad1)")
  (net 11 "Net-(C15-Pad2)")
  (net 12 VCCQ)
  (net 13 GNDA)
  (net 14 "Net-(Q1-Pad1)")
  (net 15 "Net-(D1-Pad1)")
  (net 16 "Net-(R2-Pad2)")
  (net 17 "Net-(D2-Pad2)")
  (net 18 "Net-(D9-Pad1)")
  (net 19 "Net-(RV1-Pad2)")
  (net 20 "Net-(U2-Pad14)")
  (net 21 "Net-(U2-Pad13)")
  (net 22 "Net-(U2-Pad12)")
  (net 23 "Net-(U2-Pad11)")
  (net 24 "Net-(U2-Pad9)")
  (net 25 "Net-(U2-Pad8)")
  (net 26 "Net-(D7-Pad2)")
  (net 27 "Net-(U2-Pad5)")
  (net 28 "Net-(U2-Pad2)")
  (net 29 "Net-(D5-Pad2)")

  (net_class Default "This is the default net class."
    (clearance 0.2)
    (trace_width 0.25)
    (via_dia 0.8)
    (via_drill 0.4)
    (uvia_dia 0.3)
    (uvia_drill 0.1)
    (add_net +5V)
    (add_net GND)
    (add_net GNDA)
    (add_net "Net-(C10-Pad1)")
    (add_net "Net-(C12-Pad1)")
    (add_net "Net-(C14-Pad1)")
    (add_net "Net-(C14-Pad2)")
    (add_net "Net-(C15-Pad1)")
    (add_net "Net-(C15-Pad2)")
    (add_net "Net-(C4-Pad1)")
    (add_net "Net-(C5-Pad1)")
    (add_net "Net-(D1-Pad1)")
    (add_net "Net-(D2-Pad2)")
    (add_net "Net-(D5-Pad2)")
    (add_net "Net-(D7-Pad2)")
    (add_net "Net-(D9-Pad1)")
    (add_net "Net-(Q1-Pad1)")
    (add_net "Net-(R2-Pad2)")
    (add_net "Net-(RV1-Pad2)")
    (add_net "Net-(U2-Pad11)")
    (add_net "Net-(U2-Pad12)")
    (add_net "Net-(U2-Pad13)")
    (add_net "Net-(U2-Pad14)")
    (add_net "Net-(U2-Pad2)")
    (add_net "Net-(U2-Pad5)")
    (add_net "Net-(U2-Pad8)")
    (add_net "Net-(U2-Pad9)")
    (add_net VCC)
    (add_net VCCQ)
  )

  (module Capacitor_SMD:C_0805_2012Metric (layer F.Cu) (tedit 5B36C52B) (tstamp 6068F34B)
    (at 170.18 71.1985 90)
    (descr "Capacitor SMD 0805 (2012 Metric), square (rectangular) end terminal, IPC_7351 nominal, (Body size source: https://docs.google.com/spreadsheets/d/1BsfQQcO9C6DZCsRaXUlFlo91Tg2WpOkGARC1WS5S8t0/edit?usp=sharing), generated with kicad-footprint-generator")
    (tags capacitor)
    (path /6066C5EF)
    (attr smd)
    (fp_text reference C1 (at 2.4615 0 180) (layer F.SilkS)
      (effects (font (size 1 1) (thickness 0.15)))
    )
    (fp_text value GRM21BR71H104KA01L (at 0 1.65 90) (layer F.Fab)
      (effects (font (size 1 1) (thickness 0.15)))
    )
    (fp_line (start -1 0.6) (end -1 -0.6) (layer F.Fab) (width 0.1))
    (fp_line (start -1 -0.6) (end 1 -0.6) (layer F.Fab) (width 0.1))
    (fp_line (start 1 -0.6) (end 1 0.6) (layer F.Fab) (width 0.1))
    (fp_line (start 1 0.6) (end -1 0.6) (layer F.Fab) (width 0.1))
    (fp_line (start -0.258578 -0.71) (end 0.258578 -0.71) (layer F.SilkS) (width 0.12))
    (fp_line (start -0.258578 0.71) (end 0.258578 0.71) (layer F.SilkS) (width 0.12))
    (fp_line (start -1.68 0.95) (end -1.68 -0.95) (layer F.CrtYd) (width 0.05))
    (fp_line (start -1.68 -0.95) (end 1.68 -0.95) (layer F.CrtYd) (width 0.05))
    (fp_line (start 1.68 -0.95) (end 1.68 0.95) (layer F.CrtYd) (width 0.05))
    (fp_line (start 1.68 0.95) (end -1.68 0.95) (layer F.CrtYd) (width 0.05))
    (fp_text user %R (at 0 0 90) (layer F.Fab)
      (effects (font (size 0.5 0.5) (thickness 0.08)))
    )
    (pad 1 smd roundrect (at -0.9375 0 90) (size 0.975 1.4) (layers F.Cu F.Paste F.Mask) (roundrect_rratio 0.25)
      (net 1 VCC))
    (pad 2 smd roundrect (at 0.9375 0 90) (size 0.975 1.4) (layers F.Cu F.Paste F.Mask) (roundrect_rratio 0.25)
      (net 2 GND))
    (model ${KISYS3DMOD}/Capacitor_SMD.3dshapes/C_0805_2012Metric.wrl
      (at (xyz 0 0 0))
      (scale (xyz 1 1 1))
      (rotate (xyz 0 0 0))
    )
  )

  (module Capacitor_SMD:C_0805_2012Metric (layer F.Cu) (tedit 5B36C52B) (tstamp 6068F35C)
    (at 173.736 71.1985 90)
    (descr "Capacitor SMD 0805 (2012 Metric), square (rectangular) end terminal, IPC_7351 nominal, (Body size source: https://docs.google.com/spreadsheets/d/1BsfQQcO9C6DZCsRaXUlFlo91Tg2WpOkGARC1WS5S8t0/edit?usp=sharing), generated with kicad-footprint-generator")
    (tags capacitor)
    (path /606715E0)
    (attr smd)
    (fp_text reference C2 (at 2.4615 0 180) (layer F.SilkS)
      (effects (font (size 1 1) (thickness 0.15)))
    )
    (fp_text value GRM21BR71H104KA01L (at 0 1.65 90) (layer F.Fab)
      (effects (font (size 1 1) (thickness 0.15)))
    )
    (fp_text user %R (at 0 0 90) (layer F.Fab)
      (effects (font (size 0.5 0.5) (thickness 0.08)))
    )
    (fp_line (start 1.68 0.95) (end -1.68 0.95) (layer F.CrtYd) (width 0.05))
    (fp_line (start 1.68 -0.95) (end 1.68 0.95) (layer F.CrtYd) (width 0.05))
    (fp_line (start -1.68 -0.95) (end 1.68 -0.95) (layer F.CrtYd) (width 0.05))
    (fp_line (start -1.68 0.95) (end -1.68 -0.95) (layer F.CrtYd) (width 0.05))
    (fp_line (start -0.258578 0.71) (end 0.258578 0.71) (layer F.SilkS) (width 0.12))
    (fp_line (start -0.258578 -0.71) (end 0.258578 -0.71) (layer F.SilkS) (width 0.12))
    (fp_line (start 1 0.6) (end -1 0.6) (layer F.Fab) (width 0.1))
    (fp_line (start 1 -0.6) (end 1 0.6) (layer F.Fab) (width 0.1))
    (fp_line (start -1 -0.6) (end 1 -0.6) (layer F.Fab) (width 0.1))
    (fp_line (start -1 0.6) (end -1 -0.6) (layer F.Fab) (width 0.1))
    (pad 2 smd roundrect (at 0.9375 0 90) (size 0.975 1.4) (layers F.Cu F.Paste F.Mask) (roundrect_rratio 0.25)
      (net 2 GND))
    (pad 1 smd roundrect (at -0.9375 0 90) (size 0.975 1.4) (layers F.Cu F.Paste F.Mask) (roundrect_rratio 0.25)
      (net 1 VCC))
    (model ${KISYS3DMOD}/Capacitor_SMD.3dshapes/C_0805_2012Metric.wrl
      (at (xyz 0 0 0))
      (scale (xyz 1 1 1))
      (rotate (xyz 0 0 0))
    )
  )

  (module Capacitor_SMD:C_0805_2012Metric (layer F.Cu) (tedit 5B36C52B) (tstamp 6068F36D)
    (at 164.9245 67.564)
    (descr "Capacitor SMD 0805 (2012 Metric), square (rectangular) end terminal, IPC_7351 nominal, (Body size source: https://docs.google.com/spreadsheets/d/1BsfQQcO9C6DZCsRaXUlFlo91Tg2WpOkGARC1WS5S8t0/edit?usp=sharing), generated with kicad-footprint-generator")
    (tags capacitor)
    (path /60681062)
    (attr smd)
    (fp_text reference C3 (at 0 -1.65) (layer F.SilkS)
      (effects (font (size 1 1) (thickness 0.15)))
    )
    (fp_text value GRM21BR71H104KA01L (at 0 1.65) (layer F.Fab)
      (effects (font (size 1 1) (thickness 0.15)))
    )
    (fp_line (start -1 0.6) (end -1 -0.6) (layer F.Fab) (width 0.1))
    (fp_line (start -1 -0.6) (end 1 -0.6) (layer F.Fab) (width 0.1))
    (fp_line (start 1 -0.6) (end 1 0.6) (layer F.Fab) (width 0.1))
    (fp_line (start 1 0.6) (end -1 0.6) (layer F.Fab) (width 0.1))
    (fp_line (start -0.258578 -0.71) (end 0.258578 -0.71) (layer F.SilkS) (width 0.12))
    (fp_line (start -0.258578 0.71) (end 0.258578 0.71) (layer F.SilkS) (width 0.12))
    (fp_line (start -1.68 0.95) (end -1.68 -0.95) (layer F.CrtYd) (width 0.05))
    (fp_line (start -1.68 -0.95) (end 1.68 -0.95) (layer F.CrtYd) (width 0.05))
    (fp_line (start 1.68 -0.95) (end 1.68 0.95) (layer F.CrtYd) (width 0.05))
    (fp_line (start 1.68 0.95) (end -1.68 0.95) (layer F.CrtYd) (width 0.05))
    (fp_text user %R (at 0 0) (layer F.Fab)
      (effects (font (size 0.5 0.5) (thickness 0.08)))
    )
    (pad 1 smd roundrect (at -0.9375 0) (size 0.975 1.4) (layers F.Cu F.Paste F.Mask) (roundrect_rratio 0.25)
      (net 3 +5V))
    (pad 2 smd roundrect (at 0.9375 0) (size 0.975 1.4) (layers F.Cu F.Paste F.Mask) (roundrect_rratio 0.25)
      (net 2 GND))
    (model ${KISYS3DMOD}/Capacitor_SMD.3dshapes/C_0805_2012Metric.wrl
      (at (xyz 0 0 0))
      (scale (xyz 1 1 1))
      (rotate (xyz 0 0 0))
    )
  )

  (module Capacitor_SMD:C_0805_2012Metric (layer F.Cu) (tedit 5B36C52B) (tstamp 6068F37E)
    (at 167.9725 61.214)
    (descr "Capacitor SMD 0805 (2012 Metric), square (rectangular) end terminal, IPC_7351 nominal, (Body size source: https://docs.google.com/spreadsheets/d/1BsfQQcO9C6DZCsRaXUlFlo91Tg2WpOkGARC1WS5S8t0/edit?usp=sharing), generated with kicad-footprint-generator")
    (tags capacitor)
    (path /6068629B)
    (attr smd)
    (fp_text reference C4 (at 0 -1.65) (layer F.SilkS)
      (effects (font (size 1 1) (thickness 0.15)))
    )
    (fp_text value 1000pF (at 0 1.65) (layer F.Fab)
      (effects (font (size 1 1) (thickness 0.15)))
    )
    (fp_text user %R (at 0 0) (layer F.Fab)
      (effects (font (size 0.5 0.5) (thickness 0.08)))
    )
    (fp_line (start 1.68 0.95) (end -1.68 0.95) (layer F.CrtYd) (width 0.05))
    (fp_line (start 1.68 -0.95) (end 1.68 0.95) (layer F.CrtYd) (width 0.05))
    (fp_line (start -1.68 -0.95) (end 1.68 -0.95) (layer F.CrtYd) (width 0.05))
    (fp_line (start -1.68 0.95) (end -1.68 -0.95) (layer F.CrtYd) (width 0.05))
    (fp_line (start -0.258578 0.71) (end 0.258578 0.71) (layer F.SilkS) (width 0.12))
    (fp_line (start -0.258578 -0.71) (end 0.258578 -0.71) (layer F.SilkS) (width 0.12))
    (fp_line (start 1 0.6) (end -1 0.6) (layer F.Fab) (width 0.1))
    (fp_line (start 1 -0.6) (end 1 0.6) (layer F.Fab) (width 0.1))
    (fp_line (start -1 -0.6) (end 1 -0.6) (layer F.Fab) (width 0.1))
    (fp_line (start -1 0.6) (end -1 -0.6) (layer F.Fab) (width 0.1))
    (pad 2 smd roundrect (at 0.9375 0) (size 0.975 1.4) (layers F.Cu F.Paste F.Mask) (roundrect_rratio 0.25)
      (net 2 GND))
    (pad 1 smd roundrect (at -0.9375 0) (size 0.975 1.4) (layers F.Cu F.Paste F.Mask) (roundrect_rratio 0.25)
      (net 4 "Net-(C4-Pad1)"))
    (model ${KISYS3DMOD}/Capacitor_SMD.3dshapes/C_0805_2012Metric.wrl
      (at (xyz 0 0 0))
      (scale (xyz 1 1 1))
      (rotate (xyz 0 0 0))
    )
  )

  (module Capacitor_SMD:C_0805_2012Metric (layer F.Cu) (tedit 5B36C52B) (tstamp 6068F38F)
    (at 144.526 71.628 90)
    (descr "Capacitor SMD 0805 (2012 Metric), square (rectangular) end terminal, IPC_7351 nominal, (Body size source: https://docs.google.com/spreadsheets/d/1BsfQQcO9C6DZCsRaXUlFlo91Tg2WpOkGARC1WS5S8t0/edit?usp=sharing), generated with kicad-footprint-generator")
    (tags capacitor)
    (path /6068CB85)
    (attr smd)
    (fp_text reference C5 (at -2.54 0 180) (layer F.SilkS)
      (effects (font (size 1 1) (thickness 0.15)))
    )
    (fp_text value 100pF (at 0 1.65 90) (layer F.Fab)
      (effects (font (size 1 1) (thickness 0.15)))
    )
    (fp_line (start -1 0.6) (end -1 -0.6) (layer F.Fab) (width 0.1))
    (fp_line (start -1 -0.6) (end 1 -0.6) (layer F.Fab) (width 0.1))
    (fp_line (start 1 -0.6) (end 1 0.6) (layer F.Fab) (width 0.1))
    (fp_line (start 1 0.6) (end -1 0.6) (layer F.Fab) (width 0.1))
    (fp_line (start -0.258578 -0.71) (end 0.258578 -0.71) (layer F.SilkS) (width 0.12))
    (fp_line (start -0.258578 0.71) (end 0.258578 0.71) (layer F.SilkS) (width 0.12))
    (fp_line (start -1.68 0.95) (end -1.68 -0.95) (layer F.CrtYd) (width 0.05))
    (fp_line (start -1.68 -0.95) (end 1.68 -0.95) (layer F.CrtYd) (width 0.05))
    (fp_line (start 1.68 -0.95) (end 1.68 0.95) (layer F.CrtYd) (width 0.05))
    (fp_line (start 1.68 0.95) (end -1.68 0.95) (layer F.CrtYd) (width 0.05))
    (fp_text user %R (at 0 0 90) (layer F.Fab)
      (effects (font (size 0.5 0.5) (thickness 0.08)))
    )
    (pad 1 smd roundrect (at -0.9375 0 90) (size 0.975 1.4) (layers F.Cu F.Paste F.Mask) (roundrect_rratio 0.25)
      (net 5 "Net-(C5-Pad1)"))
    (pad 2 smd roundrect (at 0.9375 0 90) (size 0.975 1.4) (layers F.Cu F.Paste F.Mask) (roundrect_rratio 0.25)
      (net 2 GND))
    (model ${KISYS3DMOD}/Capacitor_SMD.3dshapes/C_0805_2012Metric.wrl
      (at (xyz 0 0 0))
      (scale (xyz 1 1 1))
      (rotate (xyz 0 0 0))
    )
  )

  (module transformers-board:CAPAE1030X1050N (layer F.Cu) (tedit 6068A570) (tstamp 6068F3C9)
    (at 204.216 122.682 270)
    (descr "Cap Aluminum Lytic 1500uF 35V 20% (16 X 16.5mm) SMD 0.035 Ohm 1800mA 2000h 105C T/R")
    (path /6073AB6E)
    (fp_text reference C8 (at -6.35 4.826 180) (layer F.SilkS)
      (effects (font (size 1 1) (thickness 0.015)))
    )
    (fp_text value EEHZA1H101P (at 4.375 6.635 90) (layer F.Fab)
      (effects (font (size 1 1) (thickness 0.015)))
    )
    (fp_line (start -5.4 -1.31) (end -7.005 -1.31) (layer F.CrtYd) (width 0.05))
    (fp_line (start -5.4 -5.4) (end -5.4 -1.31) (layer F.CrtYd) (width 0.05))
    (fp_line (start 5.4 -5.4) (end -5.4 -5.4) (layer F.CrtYd) (width 0.05))
    (fp_line (start 5.4 -1.31) (end 5.4 -5.4) (layer F.CrtYd) (width 0.05))
    (fp_line (start 7.005 -1.31) (end 5.4 -1.31) (layer F.CrtYd) (width 0.05))
    (fp_line (start 7.005 1.31) (end 7.005 -1.31) (layer F.CrtYd) (width 0.05))
    (fp_line (start 5.4 1.31) (end 7.005 1.31) (layer F.CrtYd) (width 0.05))
    (fp_line (start 5.4 5.4) (end 5.4 1.31) (layer F.CrtYd) (width 0.05))
    (fp_line (start -5.4 5.4) (end 5.4 5.4) (layer F.CrtYd) (width 0.05))
    (fp_line (start -5.4 1.31) (end -5.4 5.4) (layer F.CrtYd) (width 0.05))
    (fp_line (start -7.005 1.31) (end -5.4 1.31) (layer F.CrtYd) (width 0.05))
    (fp_line (start -7.005 -1.31) (end -7.005 1.31) (layer F.CrtYd) (width 0.05))
    (fp_circle (center -7.5 0) (end -7.4 0) (layer F.SilkS) (width 0.2))
    (fp_circle (center -7.5 0) (end -7.4 0) (layer F.Fab) (width 0.2))
    (fp_line (start -5.15 3.09) (end -5.15 1.38) (layer F.SilkS) (width 0.127))
    (fp_line (start -3.09 5.15) (end -5.15 3.09) (layer F.SilkS) (width 0.127))
    (fp_line (start 5.15 5.15) (end -3.09 5.15) (layer F.SilkS) (width 0.127))
    (fp_line (start 5.15 1.38) (end 5.15 5.15) (layer F.SilkS) (width 0.127))
    (fp_line (start 5.15 -5.15) (end 5.15 -1.38) (layer F.SilkS) (width 0.127))
    (fp_line (start -3.09 -5.15) (end 5.15 -5.15) (layer F.SilkS) (width 0.127))
    (fp_line (start -5.15 -3.09) (end -3.09 -5.15) (layer F.SilkS) (width 0.127))
    (fp_line (start -5.15 -1.38) (end -5.15 -3.09) (layer F.SilkS) (width 0.127))
    (fp_line (start -3.09 -5.15) (end -5.15 -3.09) (layer F.Fab) (width 0.127))
    (fp_line (start 5.15 -5.15) (end -3.09 -5.15) (layer F.Fab) (width 0.127))
    (fp_line (start 5.15 5.15) (end 5.15 -5.15) (layer F.Fab) (width 0.127))
    (fp_line (start -3.09 5.15) (end 5.15 5.15) (layer F.Fab) (width 0.127))
    (fp_line (start -5.15 3.09) (end -3.09 5.15) (layer F.Fab) (width 0.127))
    (fp_line (start -5.15 -3.09) (end -5.15 3.09) (layer F.Fab) (width 0.127))
    (pad 2 smd rect (at 4.525 0 270) (size 4.46 2.12) (layers F.Cu F.Paste F.Mask)
      (net 2 GND))
    (pad 1 smd rect (at -4.525 0 270) (size 4.46 2.12) (layers F.Cu F.Paste F.Mask)
      (net 6 "Net-(C10-Pad1)"))
  )

  (module transformers-board:CAPAE1030X1050N (layer F.Cu) (tedit 6068A570) (tstamp 6068F3EB)
    (at 204.216 105.203 90)
    (descr "Cap Aluminum Lytic 1500uF 35V 20% (16 X 16.5mm) SMD 0.035 Ohm 1800mA 2000h 105C T/R")
    (path /607373C1)
    (fp_text reference C9 (at 6.397 -4.572 180) (layer F.SilkS)
      (effects (font (size 1 1) (thickness 0.015)))
    )
    (fp_text value EEHZA1H101P (at 4.375 6.635 90) (layer F.Fab)
      (effects (font (size 1 1) (thickness 0.015)))
    )
    (fp_line (start -5.15 -3.09) (end -5.15 3.09) (layer F.Fab) (width 0.127))
    (fp_line (start -5.15 3.09) (end -3.09 5.15) (layer F.Fab) (width 0.127))
    (fp_line (start -3.09 5.15) (end 5.15 5.15) (layer F.Fab) (width 0.127))
    (fp_line (start 5.15 5.15) (end 5.15 -5.15) (layer F.Fab) (width 0.127))
    (fp_line (start 5.15 -5.15) (end -3.09 -5.15) (layer F.Fab) (width 0.127))
    (fp_line (start -3.09 -5.15) (end -5.15 -3.09) (layer F.Fab) (width 0.127))
    (fp_line (start -5.15 -1.38) (end -5.15 -3.09) (layer F.SilkS) (width 0.127))
    (fp_line (start -5.15 -3.09) (end -3.09 -5.15) (layer F.SilkS) (width 0.127))
    (fp_line (start -3.09 -5.15) (end 5.15 -5.15) (layer F.SilkS) (width 0.127))
    (fp_line (start 5.15 -5.15) (end 5.15 -1.38) (layer F.SilkS) (width 0.127))
    (fp_line (start 5.15 1.38) (end 5.15 5.15) (layer F.SilkS) (width 0.127))
    (fp_line (start 5.15 5.15) (end -3.09 5.15) (layer F.SilkS) (width 0.127))
    (fp_line (start -3.09 5.15) (end -5.15 3.09) (layer F.SilkS) (width 0.127))
    (fp_line (start -5.15 3.09) (end -5.15 1.38) (layer F.SilkS) (width 0.127))
    (fp_circle (center -7.5 0) (end -7.4 0) (layer F.Fab) (width 0.2))
    (fp_circle (center -7.5 0) (end -7.4 0) (layer F.SilkS) (width 0.2))
    (fp_line (start -7.005 -1.31) (end -7.005 1.31) (layer F.CrtYd) (width 0.05))
    (fp_line (start -7.005 1.31) (end -5.4 1.31) (layer F.CrtYd) (width 0.05))
    (fp_line (start -5.4 1.31) (end -5.4 5.4) (layer F.CrtYd) (width 0.05))
    (fp_line (start -5.4 5.4) (end 5.4 5.4) (layer F.CrtYd) (width 0.05))
    (fp_line (start 5.4 5.4) (end 5.4 1.31) (layer F.CrtYd) (width 0.05))
    (fp_line (start 5.4 1.31) (end 7.005 1.31) (layer F.CrtYd) (width 0.05))
    (fp_line (start 7.005 1.31) (end 7.005 -1.31) (layer F.CrtYd) (width 0.05))
    (fp_line (start 7.005 -1.31) (end 5.4 -1.31) (layer F.CrtYd) (width 0.05))
    (fp_line (start 5.4 -1.31) (end 5.4 -5.4) (layer F.CrtYd) (width 0.05))
    (fp_line (start 5.4 -5.4) (end -5.4 -5.4) (layer F.CrtYd) (width 0.05))
    (fp_line (start -5.4 -5.4) (end -5.4 -1.31) (layer F.CrtYd) (width 0.05))
    (fp_line (start -5.4 -1.31) (end -7.005 -1.31) (layer F.CrtYd) (width 0.05))
    (pad 1 smd rect (at -4.525 0 90) (size 4.46 2.12) (layers F.Cu F.Paste F.Mask)
      (net 6 "Net-(C10-Pad1)"))
    (pad 2 smd rect (at 4.525 0 90) (size 4.46 2.12) (layers F.Cu F.Paste F.Mask)
      (net 2 GND))
  )

  (module transformers-board:CAPAE1030X1050N (layer F.Cu) (tedit 6068A570) (tstamp 6068F40D)
    (at 189.23 122.475 270)
    (descr "Cap Aluminum Lytic 1500uF 35V 20% (16 X 16.5mm) SMD 0.035 Ohm 1800mA 2000h 105C T/R")
    (path /60733C8E)
    (fp_text reference C10 (at -6.397 -3.81 180) (layer F.SilkS)
      (effects (font (size 1 1) (thickness 0.015)))
    )
    (fp_text value EEHZA1H101P (at 4.375 6.635 90) (layer F.Fab)
      (effects (font (size 1 1) (thickness 0.015)))
    )
    (fp_line (start -5.4 -1.31) (end -7.005 -1.31) (layer F.CrtYd) (width 0.05))
    (fp_line (start -5.4 -5.4) (end -5.4 -1.31) (layer F.CrtYd) (width 0.05))
    (fp_line (start 5.4 -5.4) (end -5.4 -5.4) (layer F.CrtYd) (width 0.05))
    (fp_line (start 5.4 -1.31) (end 5.4 -5.4) (layer F.CrtYd) (width 0.05))
    (fp_line (start 7.005 -1.31) (end 5.4 -1.31) (layer F.CrtYd) (width 0.05))
    (fp_line (start 7.005 1.31) (end 7.005 -1.31) (layer F.CrtYd) (width 0.05))
    (fp_line (start 5.4 1.31) (end 7.005 1.31) (layer F.CrtYd) (width 0.05))
    (fp_line (start 5.4 5.4) (end 5.4 1.31) (layer F.CrtYd) (width 0.05))
    (fp_line (start -5.4 5.4) (end 5.4 5.4) (layer F.CrtYd) (width 0.05))
    (fp_line (start -5.4 1.31) (end -5.4 5.4) (layer F.CrtYd) (width 0.05))
    (fp_line (start -7.005 1.31) (end -5.4 1.31) (layer F.CrtYd) (width 0.05))
    (fp_line (start -7.005 -1.31) (end -7.005 1.31) (layer F.CrtYd) (width 0.05))
    (fp_circle (center -7.5 0) (end -7.4 0) (layer F.SilkS) (width 0.2))
    (fp_circle (center -7.5 0) (end -7.4 0) (layer F.Fab) (width 0.2))
    (fp_line (start -5.15 3.09) (end -5.15 1.38) (layer F.SilkS) (width 0.127))
    (fp_line (start -3.09 5.15) (end -5.15 3.09) (layer F.SilkS) (width 0.127))
    (fp_line (start 5.15 5.15) (end -3.09 5.15) (layer F.SilkS) (width 0.127))
    (fp_line (start 5.15 1.38) (end 5.15 5.15) (layer F.SilkS) (width 0.127))
    (fp_line (start 5.15 -5.15) (end 5.15 -1.38) (layer F.SilkS) (width 0.127))
    (fp_line (start -3.09 -5.15) (end 5.15 -5.15) (layer F.SilkS) (width 0.127))
    (fp_line (start -5.15 -3.09) (end -3.09 -5.15) (layer F.SilkS) (width 0.127))
    (fp_line (start -5.15 -1.38) (end -5.15 -3.09) (layer F.SilkS) (width 0.127))
    (fp_line (start -3.09 -5.15) (end -5.15 -3.09) (layer F.Fab) (width 0.127))
    (fp_line (start 5.15 -5.15) (end -3.09 -5.15) (layer F.Fab) (width 0.127))
    (fp_line (start 5.15 5.15) (end 5.15 -5.15) (layer F.Fab) (width 0.127))
    (fp_line (start -3.09 5.15) (end 5.15 5.15) (layer F.Fab) (width 0.127))
    (fp_line (start -5.15 3.09) (end -3.09 5.15) (layer F.Fab) (width 0.127))
    (fp_line (start -5.15 -3.09) (end -5.15 3.09) (layer F.Fab) (width 0.127))
    (pad 2 smd rect (at 4.525 0 270) (size 4.46 2.12) (layers F.Cu F.Paste F.Mask)
      (net 2 GND))
    (pad 1 smd rect (at -4.525 0 270) (size 4.46 2.12) (layers F.Cu F.Paste F.Mask)
      (net 6 "Net-(C10-Pad1)"))
  )

  (module transformers-board:CAPAE1030X1050N (layer F.Cu) (tedit 6068A570) (tstamp 6068F42F)
    (at 189.23 105.109 90)
    (descr "Cap Aluminum Lytic 1500uF 35V 20% (16 X 16.5mm) SMD 0.035 Ohm 1800mA 2000h 105C T/R")
    (path /6072938E)
    (fp_text reference C11 (at 6.557 3.81 180) (layer F.SilkS)
      (effects (font (size 1 1) (thickness 0.015)))
    )
    (fp_text value EEHZA1H101P (at 4.375 6.635 90) (layer F.Fab)
      (effects (font (size 1 1) (thickness 0.015)))
    )
    (fp_line (start -5.15 -3.09) (end -5.15 3.09) (layer F.Fab) (width 0.127))
    (fp_line (start -5.15 3.09) (end -3.09 5.15) (layer F.Fab) (width 0.127))
    (fp_line (start -3.09 5.15) (end 5.15 5.15) (layer F.Fab) (width 0.127))
    (fp_line (start 5.15 5.15) (end 5.15 -5.15) (layer F.Fab) (width 0.127))
    (fp_line (start 5.15 -5.15) (end -3.09 -5.15) (layer F.Fab) (width 0.127))
    (fp_line (start -3.09 -5.15) (end -5.15 -3.09) (layer F.Fab) (width 0.127))
    (fp_line (start -5.15 -1.38) (end -5.15 -3.09) (layer F.SilkS) (width 0.127))
    (fp_line (start -5.15 -3.09) (end -3.09 -5.15) (layer F.SilkS) (width 0.127))
    (fp_line (start -3.09 -5.15) (end 5.15 -5.15) (layer F.SilkS) (width 0.127))
    (fp_line (start 5.15 -5.15) (end 5.15 -1.38) (layer F.SilkS) (width 0.127))
    (fp_line (start 5.15 1.38) (end 5.15 5.15) (layer F.SilkS) (width 0.127))
    (fp_line (start 5.15 5.15) (end -3.09 5.15) (layer F.SilkS) (width 0.127))
    (fp_line (start -3.09 5.15) (end -5.15 3.09) (layer F.SilkS) (width 0.127))
    (fp_line (start -5.15 3.09) (end -5.15 1.38) (layer F.SilkS) (width 0.127))
    (fp_circle (center -7.5 0) (end -7.4 0) (layer F.Fab) (width 0.2))
    (fp_circle (center -7.5 0) (end -7.4 0) (layer F.SilkS) (width 0.2))
    (fp_line (start -7.005 -1.31) (end -7.005 1.31) (layer F.CrtYd) (width 0.05))
    (fp_line (start -7.005 1.31) (end -5.4 1.31) (layer F.CrtYd) (width 0.05))
    (fp_line (start -5.4 1.31) (end -5.4 5.4) (layer F.CrtYd) (width 0.05))
    (fp_line (start -5.4 5.4) (end 5.4 5.4) (layer F.CrtYd) (width 0.05))
    (fp_line (start 5.4 5.4) (end 5.4 1.31) (layer F.CrtYd) (width 0.05))
    (fp_line (start 5.4 1.31) (end 7.005 1.31) (layer F.CrtYd) (width 0.05))
    (fp_line (start 7.005 1.31) (end 7.005 -1.31) (layer F.CrtYd) (width 0.05))
    (fp_line (start 7.005 -1.31) (end 5.4 -1.31) (layer F.CrtYd) (width 0.05))
    (fp_line (start 5.4 -1.31) (end 5.4 -5.4) (layer F.CrtYd) (width 0.05))
    (fp_line (start 5.4 -5.4) (end -5.4 -5.4) (layer F.CrtYd) (width 0.05))
    (fp_line (start -5.4 -5.4) (end -5.4 -1.31) (layer F.CrtYd) (width 0.05))
    (fp_line (start -5.4 -1.31) (end -7.005 -1.31) (layer F.CrtYd) (width 0.05))
    (pad 1 smd rect (at -4.525 0 90) (size 4.46 2.12) (layers F.Cu F.Paste F.Mask)
      (net 6 "Net-(C10-Pad1)"))
    (pad 2 smd rect (at 4.525 0 90) (size 4.46 2.12) (layers F.Cu F.Paste F.Mask)
      (net 2 GND))
  )

  (module Capacitor_SMD:C_0805_2012Metric (layer F.Cu) (tedit 5B36C52B) (tstamp 6068F440)
    (at 165.862 112.8545 270)
    (descr "Capacitor SMD 0805 (2012 Metric), square (rectangular) end terminal, IPC_7351 nominal, (Body size source: https://docs.google.com/spreadsheets/d/1BsfQQcO9C6DZCsRaXUlFlo91Tg2WpOkGARC1WS5S8t0/edit?usp=sharing), generated with kicad-footprint-generator")
    (tags capacitor)
    (path /6070E18D)
    (attr smd)
    (fp_text reference C12 (at -0.1755 -2.794 180) (layer F.SilkS)
      (effects (font (size 1 1) (thickness 0.15)))
    )
    (fp_text value 200uF (at 0 1.65 90) (layer F.Fab)
      (effects (font (size 1 1) (thickness 0.15)))
    )
    (fp_text user %R (at 0 0 90) (layer F.Fab)
      (effects (font (size 0.5 0.5) (thickness 0.08)))
    )
    (fp_line (start 1.68 0.95) (end -1.68 0.95) (layer F.CrtYd) (width 0.05))
    (fp_line (start 1.68 -0.95) (end 1.68 0.95) (layer F.CrtYd) (width 0.05))
    (fp_line (start -1.68 -0.95) (end 1.68 -0.95) (layer F.CrtYd) (width 0.05))
    (fp_line (start -1.68 0.95) (end -1.68 -0.95) (layer F.CrtYd) (width 0.05))
    (fp_line (start -0.258578 0.71) (end 0.258578 0.71) (layer F.SilkS) (width 0.12))
    (fp_line (start -0.258578 -0.71) (end 0.258578 -0.71) (layer F.SilkS) (width 0.12))
    (fp_line (start 1 0.6) (end -1 0.6) (layer F.Fab) (width 0.1))
    (fp_line (start 1 -0.6) (end 1 0.6) (layer F.Fab) (width 0.1))
    (fp_line (start -1 -0.6) (end 1 -0.6) (layer F.Fab) (width 0.1))
    (fp_line (start -1 0.6) (end -1 -0.6) (layer F.Fab) (width 0.1))
    (pad 2 smd roundrect (at 0.9375 0 270) (size 0.975 1.4) (layers F.Cu F.Paste F.Mask) (roundrect_rratio 0.25)
      (net 6 "Net-(C10-Pad1)"))
    (pad 1 smd roundrect (at -0.9375 0 270) (size 0.975 1.4) (layers F.Cu F.Paste F.Mask) (roundrect_rratio 0.25)
      (net 7 "Net-(C12-Pad1)"))
    (model ${KISYS3DMOD}/Capacitor_SMD.3dshapes/C_0805_2012Metric.wrl
      (at (xyz 0 0 0))
      (scale (xyz 1 1 1))
      (rotate (xyz 0 0 0))
    )
  )

  (module Capacitor_SMD:C_0805_2012Metric (layer F.Cu) (tedit 5B36C52B) (tstamp 6068F451)
    (at 165.354 129.54)
    (descr "Capacitor SMD 0805 (2012 Metric), square (rectangular) end terminal, IPC_7351 nominal, (Body size source: https://docs.google.com/spreadsheets/d/1BsfQQcO9C6DZCsRaXUlFlo91Tg2WpOkGARC1WS5S8t0/edit?usp=sharing), generated with kicad-footprint-generator")
    (tags capacitor)
    (path /606958D1)
    (attr smd)
    (fp_text reference C13 (at -3.556 0) (layer F.SilkS)
      (effects (font (size 1 1) (thickness 0.15)))
    )
    (fp_text value 120uF (at 0 1.65) (layer F.Fab)
      (effects (font (size 1 1) (thickness 0.15)))
    )
    (fp_line (start -1 0.6) (end -1 -0.6) (layer F.Fab) (width 0.1))
    (fp_line (start -1 -0.6) (end 1 -0.6) (layer F.Fab) (width 0.1))
    (fp_line (start 1 -0.6) (end 1 0.6) (layer F.Fab) (width 0.1))
    (fp_line (start 1 0.6) (end -1 0.6) (layer F.Fab) (width 0.1))
    (fp_line (start -0.258578 -0.71) (end 0.258578 -0.71) (layer F.SilkS) (width 0.12))
    (fp_line (start -0.258578 0.71) (end 0.258578 0.71) (layer F.SilkS) (width 0.12))
    (fp_line (start -1.68 0.95) (end -1.68 -0.95) (layer F.CrtYd) (width 0.05))
    (fp_line (start -1.68 -0.95) (end 1.68 -0.95) (layer F.CrtYd) (width 0.05))
    (fp_line (start 1.68 -0.95) (end 1.68 0.95) (layer F.CrtYd) (width 0.05))
    (fp_line (start 1.68 0.95) (end -1.68 0.95) (layer F.CrtYd) (width 0.05))
    (fp_text user %R (at 0 0) (layer F.Fab)
      (effects (font (size 0.5 0.5) (thickness 0.08)))
    )
    (pad 1 smd roundrect (at -0.9375 0) (size 0.975 1.4) (layers F.Cu F.Paste F.Mask) (roundrect_rratio 0.25)
      (net 1 VCC))
    (pad 2 smd roundrect (at 0.9375 0) (size 0.975 1.4) (layers F.Cu F.Paste F.Mask) (roundrect_rratio 0.25)
      (net 2 GND))
    (model ${KISYS3DMOD}/Capacitor_SMD.3dshapes/C_0805_2012Metric.wrl
      (at (xyz 0 0 0))
      (scale (xyz 1 1 1))
      (rotate (xyz 0 0 0))
    )
  )

  (module Capacitor_SMD:C_0805_2012Metric (layer F.Cu) (tedit 5B36C52B) (tstamp 6068F462)
    (at 135.382 80.1855 90)
    (descr "Capacitor SMD 0805 (2012 Metric), square (rectangular) end terminal, IPC_7351 nominal, (Body size source: https://docs.google.com/spreadsheets/d/1BsfQQcO9C6DZCsRaXUlFlo91Tg2WpOkGARC1WS5S8t0/edit?usp=sharing), generated with kicad-footprint-generator")
    (tags capacitor)
    (path /606CD548)
    (attr smd)
    (fp_text reference C14 (at 3.2235 -0.762 180) (layer F.SilkS)
      (effects (font (size 1 1) (thickness 0.15)))
    )
    (fp_text value 1.014nF (at 0 1.65 90) (layer F.Fab)
      (effects (font (size 1 1) (thickness 0.15)))
    )
    (fp_text user %R (at 0 0 90) (layer F.Fab)
      (effects (font (size 0.5 0.5) (thickness 0.08)))
    )
    (fp_line (start 1.68 0.95) (end -1.68 0.95) (layer F.CrtYd) (width 0.05))
    (fp_line (start 1.68 -0.95) (end 1.68 0.95) (layer F.CrtYd) (width 0.05))
    (fp_line (start -1.68 -0.95) (end 1.68 -0.95) (layer F.CrtYd) (width 0.05))
    (fp_line (start -1.68 0.95) (end -1.68 -0.95) (layer F.CrtYd) (width 0.05))
    (fp_line (start -0.258578 0.71) (end 0.258578 0.71) (layer F.SilkS) (width 0.12))
    (fp_line (start -0.258578 -0.71) (end 0.258578 -0.71) (layer F.SilkS) (width 0.12))
    (fp_line (start 1 0.6) (end -1 0.6) (layer F.Fab) (width 0.1))
    (fp_line (start 1 -0.6) (end 1 0.6) (layer F.Fab) (width 0.1))
    (fp_line (start -1 -0.6) (end 1 -0.6) (layer F.Fab) (width 0.1))
    (fp_line (start -1 0.6) (end -1 -0.6) (layer F.Fab) (width 0.1))
    (pad 2 smd roundrect (at 0.9375 0 90) (size 0.975 1.4) (layers F.Cu F.Paste F.Mask) (roundrect_rratio 0.25)
      (net 8 "Net-(C14-Pad2)"))
    (pad 1 smd roundrect (at -0.9375 0 90) (size 0.975 1.4) (layers F.Cu F.Paste F.Mask) (roundrect_rratio 0.25)
      (net 9 "Net-(C14-Pad1)"))
    (model ${KISYS3DMOD}/Capacitor_SMD.3dshapes/C_0805_2012Metric.wrl
      (at (xyz 0 0 0))
      (scale (xyz 1 1 1))
      (rotate (xyz 0 0 0))
    )
  )

  (module Capacitor_SMD:C_0805_2012Metric (layer F.Cu) (tedit 5B36C52B) (tstamp 6068F473)
    (at 140.5405 82.55)
    (descr "Capacitor SMD 0805 (2012 Metric), square (rectangular) end terminal, IPC_7351 nominal, (Body size source: https://docs.google.com/spreadsheets/d/1BsfQQcO9C6DZCsRaXUlFlo91Tg2WpOkGARC1WS5S8t0/edit?usp=sharing), generated with kicad-footprint-generator")
    (tags capacitor)
    (path /606CFC88)
    (attr smd)
    (fp_text reference C15 (at 3.4775 0) (layer F.SilkS)
      (effects (font (size 1 1) (thickness 0.15)))
    )
    (fp_text value 08051A471JAT2A (at 0 1.65) (layer F.Fab)
      (effects (font (size 1 1) (thickness 0.15)))
    )
    (fp_line (start -1 0.6) (end -1 -0.6) (layer F.Fab) (width 0.1))
    (fp_line (start -1 -0.6) (end 1 -0.6) (layer F.Fab) (width 0.1))
    (fp_line (start 1 -0.6) (end 1 0.6) (layer F.Fab) (width 0.1))
    (fp_line (start 1 0.6) (end -1 0.6) (layer F.Fab) (width 0.1))
    (fp_line (start -0.258578 -0.71) (end 0.258578 -0.71) (layer F.SilkS) (width 0.12))
    (fp_line (start -0.258578 0.71) (end 0.258578 0.71) (layer F.SilkS) (width 0.12))
    (fp_line (start -1.68 0.95) (end -1.68 -0.95) (layer F.CrtYd) (width 0.05))
    (fp_line (start -1.68 -0.95) (end 1.68 -0.95) (layer F.CrtYd) (width 0.05))
    (fp_line (start 1.68 -0.95) (end 1.68 0.95) (layer F.CrtYd) (width 0.05))
    (fp_line (start 1.68 0.95) (end -1.68 0.95) (layer F.CrtYd) (width 0.05))
    (fp_text user %R (at 0 0) (layer F.Fab)
      (effects (font (size 0.5 0.5) (thickness 0.08)))
    )
    (pad 1 smd roundrect (at -0.9375 0) (size 0.975 1.4) (layers F.Cu F.Paste F.Mask) (roundrect_rratio 0.25)
      (net 10 "Net-(C15-Pad1)"))
    (pad 2 smd roundrect (at 0.9375 0) (size 0.975 1.4) (layers F.Cu F.Paste F.Mask) (roundrect_rratio 0.25)
      (net 11 "Net-(C15-Pad2)"))
    (model ${KISYS3DMOD}/Capacitor_SMD.3dshapes/C_0805_2012Metric.wrl
      (at (xyz 0 0 0))
      (scale (xyz 1 1 1))
      (rotate (xyz 0 0 0))
    )
  )

  (module Connector_PinHeader_2.54mm:PinHeader_1x02_P2.54mm_Vertical (layer F.Cu) (tedit 59FED5CC) (tstamp 6068F489)
    (at 157.988 91.694 90)
    (descr "Through hole straight pin header, 1x02, 2.54mm pitch, single row")
    (tags "Through hole pin header THT 1x02 2.54mm single row")
    (path /606DF590)
    (fp_text reference C16 (at 1.27 -3.302 180) (layer F.SilkS)
      (effects (font (size 1 1) (thickness 0.15)))
    )
    (fp_text value "1.014nF (DO NOT POPULATE - TEST POINT)" (at 0 4.87 90) (layer F.Fab)
      (effects (font (size 1 1) (thickness 0.15)))
    )
    (fp_line (start -0.635 -1.27) (end 1.27 -1.27) (layer F.Fab) (width 0.1))
    (fp_line (start 1.27 -1.27) (end 1.27 3.81) (layer F.Fab) (width 0.1))
    (fp_line (start 1.27 3.81) (end -1.27 3.81) (layer F.Fab) (width 0.1))
    (fp_line (start -1.27 3.81) (end -1.27 -0.635) (layer F.Fab) (width 0.1))
    (fp_line (start -1.27 -0.635) (end -0.635 -1.27) (layer F.Fab) (width 0.1))
    (fp_line (start -1.33 3.87) (end 1.33 3.87) (layer F.SilkS) (width 0.12))
    (fp_line (start -1.33 1.27) (end -1.33 3.87) (layer F.SilkS) (width 0.12))
    (fp_line (start 1.33 1.27) (end 1.33 3.87) (layer F.SilkS) (width 0.12))
    (fp_line (start -1.33 1.27) (end 1.33 1.27) (layer F.SilkS) (width 0.12))
    (fp_line (start -1.33 0) (end -1.33 -1.33) (layer F.SilkS) (width 0.12))
    (fp_line (start -1.33 -1.33) (end 0 -1.33) (layer F.SilkS) (width 0.12))
    (fp_line (start -1.8 -1.8) (end -1.8 4.35) (layer F.CrtYd) (width 0.05))
    (fp_line (start -1.8 4.35) (end 1.8 4.35) (layer F.CrtYd) (width 0.05))
    (fp_line (start 1.8 4.35) (end 1.8 -1.8) (layer F.CrtYd) (width 0.05))
    (fp_line (start 1.8 -1.8) (end -1.8 -1.8) (layer F.CrtYd) (width 0.05))
    (fp_text user %R (at 0 1.27) (layer F.Fab)
      (effects (font (size 1 1) (thickness 0.15)))
    )
    (pad 1 thru_hole rect (at 0 0 90) (size 1.7 1.7) (drill 1) (layers *.Cu *.Mask)
      (net 9 "Net-(C14-Pad1)"))
    (pad 2 thru_hole oval (at 0 2.54 90) (size 1.7 1.7) (drill 1) (layers *.Cu *.Mask)
      (net 11 "Net-(C15-Pad2)"))
    (model ${KISYS3DMOD}/Connector_PinHeader_2.54mm.3dshapes/PinHeader_1x02_P2.54mm_Vertical.wrl
      (at (xyz 0 0 0))
      (scale (xyz 1 1 1))
      (rotate (xyz 0 0 0))
    )
  )

  (module Capacitor_SMD:C_Elec_10x10.2 (layer F.Cu) (tedit 5BC8D926) (tstamp 6068F4AD)
    (at 110.826 109.982)
    (descr "SMD capacitor, aluminum electrolytic nonpolar, 10.0x10.2mm")
    (tags "capacitor electrolyic nonpolar")
    (path /607C376A)
    (attr smd)
    (fp_text reference C17 (at 0 -6.2) (layer F.SilkS)
      (effects (font (size 1 1) (thickness 0.15)))
    )
    (fp_text value EGPA500ELL222ML40S (at 0 6.2) (layer F.Fab)
      (effects (font (size 1 1) (thickness 0.15)))
    )
    (fp_circle (center 0 0) (end 5 0) (layer F.Fab) (width 0.1))
    (fp_line (start 5.15 -5.15) (end 5.15 5.15) (layer F.Fab) (width 0.1))
    (fp_line (start -4.15 -5.15) (end 5.15 -5.15) (layer F.Fab) (width 0.1))
    (fp_line (start -4.15 5.15) (end 5.15 5.15) (layer F.Fab) (width 0.1))
    (fp_line (start -5.15 -4.15) (end -5.15 4.15) (layer F.Fab) (width 0.1))
    (fp_line (start -5.15 -4.15) (end -4.15 -5.15) (layer F.Fab) (width 0.1))
    (fp_line (start -5.15 4.15) (end -4.15 5.15) (layer F.Fab) (width 0.1))
    (fp_line (start 5.26 5.26) (end 5.26 1.31) (layer F.SilkS) (width 0.12))
    (fp_line (start 5.26 -5.26) (end 5.26 -1.31) (layer F.SilkS) (width 0.12))
    (fp_line (start -4.195563 -5.26) (end 5.26 -5.26) (layer F.SilkS) (width 0.12))
    (fp_line (start -4.195563 5.26) (end 5.26 5.26) (layer F.SilkS) (width 0.12))
    (fp_line (start -5.26 4.195563) (end -5.26 1.31) (layer F.SilkS) (width 0.12))
    (fp_line (start -5.26 -4.195563) (end -5.26 -1.31) (layer F.SilkS) (width 0.12))
    (fp_line (start -5.26 -4.195563) (end -4.195563 -5.26) (layer F.SilkS) (width 0.12))
    (fp_line (start -5.26 4.195563) (end -4.195563 5.26) (layer F.SilkS) (width 0.12))
    (fp_line (start 5.4 -5.4) (end 5.4 -1.3) (layer F.CrtYd) (width 0.05))
    (fp_line (start 5.4 -1.3) (end 6.95 -1.3) (layer F.CrtYd) (width 0.05))
    (fp_line (start 6.95 -1.3) (end 6.95 1.3) (layer F.CrtYd) (width 0.05))
    (fp_line (start 6.95 1.3) (end 5.4 1.3) (layer F.CrtYd) (width 0.05))
    (fp_line (start 5.4 1.3) (end 5.4 5.4) (layer F.CrtYd) (width 0.05))
    (fp_line (start -4.25 5.4) (end 5.4 5.4) (layer F.CrtYd) (width 0.05))
    (fp_line (start -4.25 -5.4) (end 5.4 -5.4) (layer F.CrtYd) (width 0.05))
    (fp_line (start -5.4 4.25) (end -4.25 5.4) (layer F.CrtYd) (width 0.05))
    (fp_line (start -5.4 -4.25) (end -4.25 -5.4) (layer F.CrtYd) (width 0.05))
    (fp_line (start -5.4 -4.25) (end -5.4 -1.3) (layer F.CrtYd) (width 0.05))
    (fp_line (start -5.4 1.3) (end -5.4 4.25) (layer F.CrtYd) (width 0.05))
    (fp_line (start -5.4 -1.3) (end -6.95 -1.3) (layer F.CrtYd) (width 0.05))
    (fp_line (start -6.95 -1.3) (end -6.95 1.3) (layer F.CrtYd) (width 0.05))
    (fp_line (start -6.95 1.3) (end -5.4 1.3) (layer F.CrtYd) (width 0.05))
    (fp_text user %R (at 0 0) (layer F.Fab)
      (effects (font (size 1 1) (thickness 0.15)))
    )
    (pad 1 smd roundrect (at -4.4 0) (size 4.6 2.1) (layers F.Cu F.Paste F.Mask) (roundrect_rratio 0.119048)
      (net 12 VCCQ))
    (pad 2 smd roundrect (at 4.4 0) (size 4.6 2.1) (layers F.Cu F.Paste F.Mask) (roundrect_rratio 0.119048)
      (net 13 GNDA))
    (model ${KISYS3DMOD}/Capacitor_SMD.3dshapes/C_Elec_10x10.2.wrl
      (at (xyz 0 0 0))
      (scale (xyz 1 1 1))
      (rotate (xyz 0 0 0))
    )
  )

  (module transformers-board:CAPAE1030X1050N (layer F.Cu) (tedit 6068A570) (tstamp 6068F4E7)
    (at 95.504 105.363 90)
    (descr "Cap Aluminum Lytic 1500uF 35V 20% (16 X 16.5mm) SMD 0.035 Ohm 1800mA 2000h 105C T/R")
    (path /607D6AE4)
    (fp_text reference C20 (at 6.303 -4.318 180) (layer F.SilkS)
      (effects (font (size 1 1) (thickness 0.015)))
    )
    (fp_text value EEHZA1H101P (at 4.375 6.635 90) (layer F.Fab)
      (effects (font (size 1 1) (thickness 0.015)))
